$LOGFILE:BEGIN
3114,00:00:00,1,S,LAUNCH_PAD,0.0,9.0,93.9,3.0,0,16,7,3,7,4,2,12,3,4,00:00:00,11.0,6.0000,13.0000,12,SIMP93948
3114,00:00:00,2,S,LAUNCH_PAD,0.0,6.0,93.9,13.0,14,8,4,5,14,8,7,2,14,7,00:00:00,12.0,6.0000,1.0000,14,SIMP93948
3114,00:00:00,3,S,LAUNCH_PAD,-0.1,5.0,93.9,18.0,4,17,6,14,15,16,11,0,10,2,00:00:00,5.0,12.0000,4.0000,12,SIMP93949
3114,00:00:00,4,S,LAUNCH_PAD,0.0,17.0,93.9,12.0,19,12,5,9,13,5,19,12,11,18,00:00:00,8.0,7.0000,9.0000,12,SIMP93948
3114,00:00:00,5,S,LAUNCH_PAD,0.0,2.0,93.9,19.0,12,15,11,19,19,5,17,6,19,18,00:00:00,2.0,2.0000,12.0000,14,SIMP93948
3114,00:00:00,6,S,LAUNCH_PAD,0.0,3.0,93.9,11.0,2,16,7,3,12,16,10,6,7,4,00:00:00,13.0,9.0000,6.0000,18,SIMP93948
3114,00:00:00,7,S,LAUNCH_PAD,0.0,18.0,93.9,2.0,9,15,5,17,10,7,2,12,7,18,00:00:00,0.0,12.0000,12.0000,4,SIMP93948
3114,00:00:00,8,S,LAUNCH_PAD,0.0,16.0,93.9,16.0,11,7,2,9,11,2,1,7,15,14,00:00:00,12.0,9.0000,17.0000,16,SIMP93948
3114,00:00:00,9,S,LAUNCH_PAD,0.0,2.0,93.9,9.0,2,1,3,14,17,18,15,7,2,10,00:00:00,10.0,19.0000,3.0000,0,SIMP93948
3114,00:00:00,10,S,LAUNCH_PAD,-0.1,13.0,93.9,2.0,5,11,2,3,12,18,17,1,15,15,00:00:00,19.0,4.0000,16.0000,8,SIMP93949
3114,00:00:00,11,S,LAUNCH_PAD,-0.1,1.0,93.9,17.0,8,0,1,18,5,14,10,13,1,11,00:00:00,5.0,4.0000,17.0000,2,SIMP93949
3114,00:00:00,12,S,LAUNCH_PAD,-0.1,15.0,93.9,15.0,4,19,4,9,10,6,11,1,13,12,00:00:00,14.0,3.0000,8.0000,15,SIMP93949
3114,00:00:00,13,S,LAUNCH_PAD,-0.1,11.0,93.9,4.0,7,7,13,5,11,2,16,8,18,7,00:00:00,12.0,6.0000,18.0000,8,SIMP93949
3114,00:00:00,14,S,LAUNCH_PAD,0.0,19.0,93.9,0.0,8,14,7,6,7,4,17,6,18,15,00:00:00,17.0,18.0000,16.0000,8,SIMP93948
3114,00:00:00,15,S,LAUNCH_PAD,0.0,4.0,93.9,0.0,0,14,4,16,6,9,2,7,7,15,00:00:00,19.0,8.0000,14.0000,7,SIMP93948
3114,00:00:00,16,S,LAUNCH_PAD,0.0,8.0,93.9,1.0,15,16,14,11,15,19,12,18,16,16,00:00:00,7.0,16.0000,7.0000,10,SIMP93948
3114,00:00:00,17,S,LAUNCH_PAD,0.0,18.0,93.9,2.0,5,8,13,10,7,17,0,4,11,5,00:00:00,1.0,0.0000,9.0000,18,SIMP93948
3114,00:00:00,18,S,LAUNCH_PAD,0.1,18.0,93.9,14.0,4,2,2,5,11,16,3,6,0,16,00:00:00,18.0,12.0000,18.0000,2,SIMP93947
3114,00:00:00,19,S,LAUNCH_PAD,0.1,15.0,93.9,7.0,2,12,1,9,18,17,2,11,12,5,00:00:00,16.0,1.0000,8.0000,11,SIMP93947
3114,00:00:00,20,S,LAUNCH_PAD,0.1,16.0,93.9,0.0,9,17,5,4,12,11,3,17,7,0,00:00:00,14.0,6.0000,4.0000,8,SIMP93947
3114,00:00:00,21,S,LAUNCH_PAD,0.1,2.0,93.9,11.0,5,9,4,1,8,5,11,18,9,3,00:00:00,5.0,4.0000,15.0000,6,SIMP93947
3114,00:00:00,22,S,LAUNCH_PAD,0.2,4.0,93.9,7.0,19,9,12,5,17,7,8,10,7,17,00:00:00,8.0,12.0000,6.0000,11,SIMP93946
3114,00:00:00,23,S,LAUNCH_PAD,10.5,12.0,93.8,0.0,13,1,5,12,13,9,5,1,8,13,00:00:00,6.0,1.0000,18.0000,16,SIMP93829
3114,00:00:00,24,S,ASCENT,76.7,7.0,93.1,2.0,2,17,7,7,0,4,15,10,0,7,00:00:00,2.0,15.0000,16.0000,0,SIMP93085
3114,00:00:00,25,S,ASCENT,172.4,17.0,92.0,1.0,4,15,12,8,10,0,5,1,9,2,00:00:00,19.0,2.0000,19.0000,12,SIMP92016
3114,00:00:00,26,S,ASCENT,392.0,6.0,89.6,3.0,8,3,5,7,3,6,18,14,15,11,00:00:00,5.0,17.0000,10.0000,11,SIMP89603
3114,00:00:00,27,S,ASCENT,487.0,11.0,88.6,7.0,3,16,9,10,17,2,10,17,4,2,00:00:00,14.0,6.0000,8.0000,13,SIMP88575
3114,00:00:00,28,S,ASCENT,555.8,15.0,87.8,2.0,5,3,16,15,14,7,17,13,17,9,00:00:00,19.0,16.0000,5.0000,1,SIMP87836
3114,00:00:00,29,S,ASCENT,612.4,6.0,87.2,5.0,1,0,16,10,11,15,10,6,16,2,00:00:00,17.0,13.0000,3.0000,15,SIMP87232
3114,00:00:00,30,S,ASCENT,653.7,12.0,86.8,10.0,14,16,9,5,8,6,13,2,8,17,00:00:00,9.0,16.0000,19.0000,3,SIMP86794
3114,00:00:00,31,S,ASCENT,705.1,8.0,86.3,16.0,19,19,16,2,12,17,6,15,1,8,00:00:00,4.0,4.0000,16.0000,7,SIMP86251
3114,00:00:00,32,S,APOGEE,709.4,6.0,86.2,8.0,18,13,4,11,2,9,17,3,19,5,00:00:00,5.0,1.0000,7.0000,19,SIMP86205
3114,00:00:00,33,S,APOGEE,713.1,18.0,86.2,0.0,0,7,0,4,8,13,19,12,2,19,00:00:00,15.0,7.0000,3.0000,3,SIMP86166
3114,00:00:00,34,S,APOGEE,708.4,13.0,86.2,12.0,18,8,14,10,12,9,9,18,5,14,00:00:00,7.0,12.0000,11.0000,13,SIMP86216
3114,00:00:00,35,S,DESCENT,693.4,11.0,86.4,15.0,5,8,12,15,1,14,10,10,2,1,00:00:00,7.0,3.0000,13.0000,18,SIMP86374
3114,00:00:00,36,S,DESCENT,678.3,10.0,86.5,15.0,0,2,1,12,19,9,5,6,15,8,00:00:00,12.0,1.0000,2.0000,17,SIMP86533
3114,00:00:00,37,S,DESCENT,663.4,5.0,86.7,16.0,13,15,2,16,8,13,16,12,0,5,00:00:00,16.0,11.0000,18.0000,10,SIMP86691
3114,00:00:00,38,S,DESCENT,648.4,17.0,86.8,7.0,6,2,10,14,4,9,6,4,15,13,00:00:00,13.0,19.0000,9.0000,5,SIMP86850
3114,00:00:00,39,S,DESCENT,633.3,15.0,87.0,6.0,18,15,3,3,3,8,6,6,14,5,00:00:00,16.0,3.0000,18.0000,10,SIMP87010
3114,00:00:00,40,S,DESCENT,618.4,15.0,87.2,15.0,15,4,8,15,6,18,11,3,1,12,00:00:00,16.0,1.0000,12.0000,7,SIMP87169
3114,00:00:00,41,S,DESCENT,603.3,0.0,87.3,7.0,5,8,10,12,4,10,8,8,1,13,00:00:00,17.0,3.0000,0.0000,12,SIMP87329
3114,00:00:00,42,S,DESCENT,588.4,12.0,87.5,8.0,0,18,7,17,11,13,3,18,0,9,00:00:00,9.0,19.0000,6.0000,9,SIMP87488
3114,00:00:00,43,S,DESCENT,573.3,12.0,87.6,14.0,6,3,6,1,10,13,6,7,15,6,00:00:00,7.0,1.0000,10.0000,15,SIMP87649
3114,00:00:00,44,S,DESCENT,558.3,19.0,87.8,18.0,0,18,0,6,19,12,18,9,3,2,00:00:00,5.0,19.0000,15.0000,5,SIMP87809
3114,00:00:00,45,S,DESCENT,543.3,9.0,88.0,19.0,8,8,6,17,1,11,9,15,6,18,00:00:00,13.0,3.0000,13.0000,2,SIMP87970
3114,00:00:00,46,S,DESCENT,528.4,15.0,88.1,1.0,16,14,4,0,9,2,11,4,6,10,00:00:00,9.0,15.0000,9.0000,7,SIMP88130
3114,00:00:00,47,S,DESCENT,513.4,9.0,88.3,15.0,10,3,0,1,2,17,6,17,0,8,00:00:00,1.0,6.0000,16.0000,13,SIMP88291
3114,00:00:00,48,S,PROBE_RELEASE,493.3,0.0,88.5,2.0,19,13,11,5,17,7,4,10,6,17,00:00:00,14.0,9.0000,2.0000,14,SIMP88507
3114,00:00:00,49,S,PROBE_RELEASE,473.3,9.0,88.7,16.0,8,3,17,19,11,6,15,12,6,12,00:00:00,18.0,5.0000,12.0000,19,SIMP88722
3114,00:00:00,50,S,PROBE_RELEASE,453.3,9.0,88.9,13.0,16,5,9,19,1,7,12,19,18,17,00:00:00,13.0,0.0000,5.0000,14,SIMP88938
3114,00:00:00,51,S,PROBE_RELEASE,433.4,1.0,89.2,5.0,12,5,3,9,1,13,16,0,14,15,00:00:00,8.0,10.0000,10.0000,14,SIMP89154
3114,00:00:00,52,S,PROBE_RELEASE,413.4,16.0,89.4,14.0,19,1,0,16,11,1,13,2,9,4,00:00:00,6.0,17.0000,19.0000,3,SIMP89371
3114,00:00:00,53,S,PROBE_RELEASE,393.3,18.0,89.6,15.0,0,10,15,14,5,4,18,14,12,3,00:00:00,17.0,18.0000,14.0000,0,SIMP89589
3114,00:00:00,54,S,PROBE_RELEASE,373.3,2.0,89.8,13.0,3,12,2,18,3,4,11,3,16,4,00:00:00,16.0,8.0000,17.0000,1,SIMP89806
3114,00:00:00,55,S,PROBE_RELEASE,353.3,0.0,90.0,11.0,19,9,8,11,19,1,11,6,4,2,00:00:00,3.0,10.0000,4.0000,0,SIMP90024
3114,00:00:00,56,S,PROBE_RELEASE,333.3,19.0,90.2,4.0,3,17,17,1,4,3,2,9,8,5,00:00:00,10.0,12.0000,2.0000,17,SIMP90243
3114,00:00:00,57,S,PROBE_RELEASE,313.3,15.0,90.5,13.0,11,1,17,5,14,1,17,11,4,16,00:00:00,13.0,16.0000,1.0000,5,SIMP90462
3114,00:00:00,58,S,PROBE_RELEASE,293.3,17.0,90.7,15.0,11,8,2,10,18,3,7,13,12,9,00:00:00,8.0,8.0000,10.0000,16,SIMP90681
3114,00:00:00,59,S,PROBE_RELEASE,273.3,4.0,90.9,17.0,8,13,10,3,7,7,16,7,7,4,00:00:00,3.0,4.0000,12.0000,15,SIMP90901
3114,00:00:00,60,S,PROBE_RELEASE,253.3,8.0,91.1,4.0,13,3,7,11,9,0,7,13,14,5,00:00:00,10.0,13.0000,1.0000,7,SIMP91121
3114,00:00:00,61,S,PROBE_RELEASE,233.3,0.0,91.3,15.0,1,18,10,12,10,15,19,12,16,17,00:00:00,0.0,17.0000,4.0000,7,SIMP91342
3114,00:00:00,62,S,PROBE_RELEASE,213.3,13.0,91.6,15.0,12,5,0,7,4,9,0,3,7,10,00:00:00,3.0,15.0000,1.0000,2,SIMP91563
3114,00:00:00,63,S,PROBE_RELEASE,200.1,17.0,91.7,9.0,1,3,4,6,7,2,10,5,12,14,00:00:00,1.0,7.0000,13.0000,18,SIMP91709
3114,00:00:00,64,S,PROBE_RELEASE,195.1,17.0,91.8,9.0,16,4,14,7,19,19,16,10,10,7,00:00:00,15.0,19.0000,7.0000,1,SIMP91765
3114,00:00:00,65,S,PROBE_RELEASE,190.0,8.0,91.8,8.0,3,18,13,2,15,4,2,14,2,5,00:00:00,14.0,18.0000,4.0000,16,SIMP91821
3114,00:00:00,66,S,PROBE_RELEASE,184.9,9.0,91.9,10.0,12,12,8,1,16,18,18,6,4,9,00:00:00,18.0,6.0000,8.0000,6,SIMP91878
3114,00:00:00,67,S,PROBE_RELEASE,179.8,3.0,91.9,2.0,4,10,13,9,15,15,15,5,6,14,00:00:00,1.0,10.0000,13.0000,1,SIMP91934
3114,00:00:00,68,S,PROBE_RELEASE,174.8,5.0,92.0,4.0,7,5,11,6,15,1,3,13,16,8,00:00:00,19.0,6.0000,5.0000,17,SIMP91990
3114,00:00:00,69,S,PROBE_RELEASE,169.7,12.0,92.0,6.0,8,17,13,10,14,19,10,3,15,2,00:00:00,19.0,11.0000,0.0000,17,SIMP92046
3114,00:00:00,70,S,PROBE_RELEASE,164.7,3.0,92.1,0.0,17,11,7,5,16,7,18,14,15,6,00:00:00,12.0,2.0000,6.0000,1,SIMP92102
3114,00:00:00,71,S,PROBE_RELEASE,159.7,18.0,92.2,16.0,4,10,7,16,12,19,4,15,6,1,00:00:00,14.0,9.0000,18.0000,14,SIMP92158
3114,00:00:00,72,S,PROBE_RELEASE,154.6,17.0,92.2,6.0,8,8,4,13,2,1,16,16,9,18,00:00:00,2.0,9.0000,19.0000,17,SIMP92214
3114,00:00:00,73,S,PROBE_RELEASE,149.5,6.0,92.3,12.0,8,13,9,7,1,5,4,9,15,12,00:00:00,3.0,11.0000,12.0000,14,SIMP92271
3114,00:00:00,74,S,PROBE_RELEASE,144.5,14.0,92.3,7.0,0,17,16,1,8,4,15,1,19,14,00:00:00,4.0,12.0000,1.0000,11,SIMP92327
3114,00:00:00,75,S,PROBE_RELEASE,139.5,11.0,92.4,12.0,14,16,4,12,7,4,9,2,10,2,00:00:00,9.0,6.0000,12.0000,14,SIMP92383
3114,00:00:00,76,S,PROBE_RELEASE,134.4,9.0,92.4,15.0,9,11,11,16,11,2,0,2,4,8,00:00:00,8.0,0.0000,2.0000,15,SIMP92439
3114,00:00:00,77,S,PROBE_RELEASE,129.3,3.0,92.5,5.0,3,15,0,6,12,6,5,12,2,13,00:00:00,12.0,5.0000,13.0000,18,SIMP92496
3114,00:00:00,78,S,PROBE_RELEASE,124.3,17.0,92.6,16.0,9,17,9,6,10,0,17,16,1,15,00:00:00,3.0,0.0000,7.0000,12,SIMP92552
3114,00:00:00,79,S,PROBE_RELEASE,119.3,16.0,92.6,5.0,0,3,2,3,3,19,11,18,17,19,00:00:00,13.0,18.0000,16.0000,9,SIMP92608
3114,00:00:00,80,S,PROBE_RELEASE,114.2,4.0,92.7,10.0,4,7,13,11,16,0,0,6,5,3,00:00:00,10.0,14.0000,18.0000,15,SIMP92665
3114,00:00:00,81,S,PROBE_RELEASE,109.2,15.0,92.7,9.0,9,8,5,0,8,14,5,1,9,12,00:00:00,16.0,0.0000,16.0000,10,SIMP92721
3114,00:00:00,82,S,PROBE_RELEASE,104.1,8.0,92.8,1.0,15,17,19,8,3,18,1,1,8,6,00:00:00,0.0,10.0000,5.0000,3,SIMP92778
3114,00:00:00,83,S,PROBE_RELEASE,99.1,17.0,92.8,7.0,8,3,7,18,19,0,7,15,8,11,00:00:00,9.0,8.0000,12.0000,2,SIMP92834
3114,00:00:00,84,S,PROBE_RELEASE,94.0,2.0,92.9,6.0,1,10,19,0,15,4,6,4,17,15,00:00:00,7.0,14.0000,9.0000,9,SIMP92891
3114,00:00:00,85,S,PROBE_RELEASE,89.0,14.0,92.9,7.0,0,18,2,7,2,9,18,11,13,11,00:00:00,4.0,5.0000,17.0000,16,SIMP92947
3114,00:00:00,86,S,PROBE_RELEASE,83.9,9.0,93.0,2.0,5,11,4,18,18,5,10,17,17,3,00:00:00,7.0,17.0000,14.0000,6,SIMP93004
3114,00:00:00,87,S,PROBE_RELEASE,78.8,15.0,93.1,6.0,10,10,8,1,3,4,4,9,10,12,00:00:00,18.0,13.0000,14.0000,16,SIMP93061
3114,00:00:00,88,S,PROBE_RELEASE,73.8,18.0,93.1,16.0,13,4,15,2,12,11,1,10,16,9,00:00:00,2.0,10.0000,1.0000,5,SIMP93117
3114,00:00:00,89,S,PROBE_RELEASE,68.7,10.0,93.2,6.0,5,19,17,17,7,11,19,4,17,10,00:00:00,2.0,2.0000,14.0000,10,SIMP93174
3114,00:00:00,90,S,PROBE_RELEASE,63.7,17.0,93.2,12.0,1,17,13,10,18,9,10,2,14,3,00:00:00,16.0,4.0000,0.0000,15,SIMP93231
3114,00:00:00,91,S,PROBE_RELEASE,58.7,16.0,93.3,8.0,15,8,8,0,18,1,6,19,15,9,00:00:00,17.0,3.0000,5.0000,16,SIMP93287
3114,00:00:00,92,S,PROBE_RELEASE,53.6,6.0,93.3,2.0,15,10,17,12,10,1,15,16,9,0,00:00:00,7.0,19.0000,3.0000,5,SIMP93344
3114,00:00:00,93,S,PROBE_RELEASE,48.5,3.0,93.4,9.0,10,10,4,17,0,2,18,18,19,5,00:00:00,13.0,18.0000,5.0000,5,SIMP93401
3114,00:00:00,94,S,PROBE_RELEASE,43.5,13.0,93.5,2.0,12,7,18,6,1,15,6,15,12,8,00:00:00,17.0,4.0000,0.0000,18,SIMP93458
3114,00:00:00,95,S,PROBE_RELEASE,38.5,12.0,93.5,7.0,5,4,18,12,13,9,16,9,15,12,00:00:00,14.0,16.0000,3.0000,10,SIMP93514
3114,00:00:00,96,S,PROBE_RELEASE,33.4,9.0,93.6,8.0,15,5,7,1,11,4,10,0,8,4,00:00:00,6.0,6.0000,3.0000,1,SIMP93571
3114,00:00:00,97,S,PROBE_RELEASE,28.4,18.0,93.6,12.0,17,2,5,3,6,17,15,8,5,2,00:00:00,11.0,2.0000,1.0000,2,SIMP93628
3114,00:00:00,98,S,PROBE_RELEASE,23.3,10.0,93.7,16.0,10,5,0,7,13,4,4,17,13,0,00:00:00,14.0,2.0000,12.0000,1,SIMP93685
3114,00:00:00,99,S,PROBE_RELEASE,18.2,6.0,93.7,19.0,12,12,19,18,6,4,13,10,4,1,00:00:00,8.0,17.0000,15.0000,18,SIMP93742
3114,00:00:00,100,S,PROBE_RELEASE,13.2,11.0,93.8,5.0,19,4,16,14,4,14,0,2,9,6,00:00:00,18.0,3.0000,12.0000,4,SIMP93799
3114,00:00:00,101,S,PROBE_RELEASE,8.1,0.0,93.9,18.0,5,16,2,0,11,10,19,16,4,0,00:00:00,7.0,7.0000,16.0000,19,SIMP93856
3114,00:00:00,102,S,PROBE_RELEASE,3.1,13.0,93.9,0.0,6,19,3,13,5,0,12,14,1,7,00:00:00,8.0,13.0000,1.0000,5,SIMP93913
3114,00:00:00,103,S,PROBE_RELEASE,3.1,10.0,93.9,7.0,15,16,3,5,1,13,0,8,15,7,00:00:00,3.0,7.0000,2.0000,12,SIMP93913
3114,00:00:00,104,S,PROBE_RELEASE,3.1,5.0,93.9,9.0,2,14,0,15,14,2,5,11,18,8,00:00:00,13.0,5.0000,0.0000,16,SIMP93913
3114,00:00:00,105,S,LAUNCH_PAD,3.1,16.0,93.9,4.0,18,6,13,10,8,4,4,14,0,10,00:00:00,11.0,8.0000,0.0000,4,SIMP93913
3114,00:00:00,106,S,LAUNCH_PAD,3.1,9.0,93.9,4.0,0,17,11,18,17,1,5,3,8,15,00:00:00,1.0,1.0000,5.0000,7,SIMP93913
3114,00:00:00,107,S,LAUNCH_PAD,3.2,17.0,93.9,18.0,9,10,16,17,2,0,2,2,14,11,00:00:00,16.0,1.0000,4.0000,13,SIMP93912
$LOGFILE:END
